Dimensions: 4
---------
M : 2
---------
Hash Functions.
84.0 29.0 64.0 74.0
66.0 53.0 49.0 41.0

--------
Unit Vectors
0.635543 0.219414 0.484224 0.559884
0.622337 0.499755 0.462038 0.386603

-------------
Data Points.
0.34013 0.84385 0.06878 0.40991
0.87999 0.31948 0.98057 0.08500
0.90763 0.10251 0.92198 0.50755
0.87229 0.33326 0.69241 0.55695
0.36192 0.03199 0.85851 0.09898
0.87707 0.44926 0.43219 0.60627
0.92784 0.66429 0.39537 0.43847
0.65213 0.92886 0.94914 0.30734

-------------
Hash Values
2 2  3 3  4 4  4 4  2 2  4 4  3 4  4 4
22 33 44 44 22 44 34 44
22 22 33 34 44 44 44 44
----------------
Sorted Data Points
0.34013 0.84385 0.06878 0.40991
0.36192 0.03199 0.85851 0.09898
0.87999 0.31948 0.98057 0.08500
0.92784 0.66429 0.39537 0.43847
0.90763 0.10251 0.92198 0.50755
0.87707 0.44926 0.43219 0.60627
0.87229 0.33326 0.69241 0.55695
0.65213 0.92886 0.94914 0.30734

-------
Clusters: 4
--------
Cluster Start: 0 8 12 16
--------
Cluster Size: 2 1 1 4
-------------
Query point: 0.65313 0.92986 0.95014 0.30834
Hash value of query:4 4
Query hash value as int: 44
Query is in cluster: 3
------
Closest point in query:
0.65213 0.92886 0.94914 0.30734
